{
 "cells": [
  {
   "cell_type": "code",
   "execution_count": 179,
   "metadata": {},
   "outputs": [],
   "source": [
    "# Will use this codeblock to import all modules we'll need for our analysis.\n",
    "\n",
    "import pandas as pd\n",
    "import numpy as np\n",
    "import seaborn as sns\n",
    "import matplotlib.pyplot as plt\n",
    "import statsmodels.api as sm\n",
    "from sklearn.dummy import DummyRegressor\n",
    "from sklearn import preprocessing\n",
    "from sklearn.preprocessing import OrdinalEncoder\n",
    "from sklearn.preprocessing import OneHotEncoder\n",
    "from sklearn.model_selection import train_test_split\n",
    "from sklearn.linear_model import LinearRegression\n",
    "from sklearn.preprocessing import StandardScaler\n",
    "from sklearn.feature_selection import RFE\n",
    "from sklearn.feature_selection import RFECV\n",
    "from sklearn.metrics import mean_squared_error\n",
    "from statsmodels.formula.api import ols"
   ]
  },
  {
   "cell_type": "code",
   "execution_count": 180,
   "metadata": {},
   "outputs": [
    {
     "name": "stdout",
     "output_type": "stream",
     "text": [
      "ALarsen_workbook.ipynb          Mreinhart_notebook.ipynb\r\n",
      "Baseline and simple model.ipynb Python.gitignore\r\n",
      "MSchor_notebook.ipynb           README.md\r\n",
      "Mendys_notebook.ipynb           \u001b[34mdata\u001b[m\u001b[m\r\n"
     ]
    }
   ],
   "source": [
    "!ls\n",
    "# Used this to locate the file path to import the data."
   ]
  },
  {
   "cell_type": "code",
   "execution_count": 181,
   "metadata": {},
   "outputs": [
    {
     "data": {
      "text/html": [
       "<div>\n",
       "<style scoped>\n",
       "    .dataframe tbody tr th:only-of-type {\n",
       "        vertical-align: middle;\n",
       "    }\n",
       "\n",
       "    .dataframe tbody tr th {\n",
       "        vertical-align: top;\n",
       "    }\n",
       "\n",
       "    .dataframe thead th {\n",
       "        text-align: right;\n",
       "    }\n",
       "</style>\n",
       "<table border=\"1\" class=\"dataframe\">\n",
       "  <thead>\n",
       "    <tr style=\"text-align: right;\">\n",
       "      <th></th>\n",
       "      <th>id</th>\n",
       "      <th>date</th>\n",
       "      <th>price</th>\n",
       "      <th>bedrooms</th>\n",
       "      <th>bathrooms</th>\n",
       "      <th>sqft_living</th>\n",
       "      <th>sqft_lot</th>\n",
       "      <th>floors</th>\n",
       "      <th>waterfront</th>\n",
       "      <th>view</th>\n",
       "      <th>...</th>\n",
       "      <th>grade</th>\n",
       "      <th>sqft_above</th>\n",
       "      <th>sqft_basement</th>\n",
       "      <th>yr_built</th>\n",
       "      <th>yr_renovated</th>\n",
       "      <th>zipcode</th>\n",
       "      <th>lat</th>\n",
       "      <th>long</th>\n",
       "      <th>sqft_living15</th>\n",
       "      <th>sqft_lot15</th>\n",
       "    </tr>\n",
       "  </thead>\n",
       "  <tbody>\n",
       "    <tr>\n",
       "      <th>0</th>\n",
       "      <td>7129300520</td>\n",
       "      <td>10/13/2014</td>\n",
       "      <td>221900.0</td>\n",
       "      <td>3</td>\n",
       "      <td>1.00</td>\n",
       "      <td>1180</td>\n",
       "      <td>5650</td>\n",
       "      <td>1.0</td>\n",
       "      <td>NaN</td>\n",
       "      <td>NONE</td>\n",
       "      <td>...</td>\n",
       "      <td>7 Average</td>\n",
       "      <td>1180</td>\n",
       "      <td>0.0</td>\n",
       "      <td>1955</td>\n",
       "      <td>0.0</td>\n",
       "      <td>98178</td>\n",
       "      <td>47.5112</td>\n",
       "      <td>-122.257</td>\n",
       "      <td>1340</td>\n",
       "      <td>5650</td>\n",
       "    </tr>\n",
       "    <tr>\n",
       "      <th>1</th>\n",
       "      <td>6414100192</td>\n",
       "      <td>12/9/2014</td>\n",
       "      <td>538000.0</td>\n",
       "      <td>3</td>\n",
       "      <td>2.25</td>\n",
       "      <td>2570</td>\n",
       "      <td>7242</td>\n",
       "      <td>2.0</td>\n",
       "      <td>NO</td>\n",
       "      <td>NONE</td>\n",
       "      <td>...</td>\n",
       "      <td>7 Average</td>\n",
       "      <td>2170</td>\n",
       "      <td>400.0</td>\n",
       "      <td>1951</td>\n",
       "      <td>1991.0</td>\n",
       "      <td>98125</td>\n",
       "      <td>47.7210</td>\n",
       "      <td>-122.319</td>\n",
       "      <td>1690</td>\n",
       "      <td>7639</td>\n",
       "    </tr>\n",
       "    <tr>\n",
       "      <th>2</th>\n",
       "      <td>5631500400</td>\n",
       "      <td>2/25/2015</td>\n",
       "      <td>180000.0</td>\n",
       "      <td>2</td>\n",
       "      <td>1.00</td>\n",
       "      <td>770</td>\n",
       "      <td>10000</td>\n",
       "      <td>1.0</td>\n",
       "      <td>NO</td>\n",
       "      <td>NONE</td>\n",
       "      <td>...</td>\n",
       "      <td>6 Low Average</td>\n",
       "      <td>770</td>\n",
       "      <td>0.0</td>\n",
       "      <td>1933</td>\n",
       "      <td>NaN</td>\n",
       "      <td>98028</td>\n",
       "      <td>47.7379</td>\n",
       "      <td>-122.233</td>\n",
       "      <td>2720</td>\n",
       "      <td>8062</td>\n",
       "    </tr>\n",
       "    <tr>\n",
       "      <th>3</th>\n",
       "      <td>2487200875</td>\n",
       "      <td>12/9/2014</td>\n",
       "      <td>604000.0</td>\n",
       "      <td>4</td>\n",
       "      <td>3.00</td>\n",
       "      <td>1960</td>\n",
       "      <td>5000</td>\n",
       "      <td>1.0</td>\n",
       "      <td>NO</td>\n",
       "      <td>NONE</td>\n",
       "      <td>...</td>\n",
       "      <td>7 Average</td>\n",
       "      <td>1050</td>\n",
       "      <td>910.0</td>\n",
       "      <td>1965</td>\n",
       "      <td>0.0</td>\n",
       "      <td>98136</td>\n",
       "      <td>47.5208</td>\n",
       "      <td>-122.393</td>\n",
       "      <td>1360</td>\n",
       "      <td>5000</td>\n",
       "    </tr>\n",
       "    <tr>\n",
       "      <th>4</th>\n",
       "      <td>1954400510</td>\n",
       "      <td>2/18/2015</td>\n",
       "      <td>510000.0</td>\n",
       "      <td>3</td>\n",
       "      <td>2.00</td>\n",
       "      <td>1680</td>\n",
       "      <td>8080</td>\n",
       "      <td>1.0</td>\n",
       "      <td>NO</td>\n",
       "      <td>NONE</td>\n",
       "      <td>...</td>\n",
       "      <td>8 Good</td>\n",
       "      <td>1680</td>\n",
       "      <td>0.0</td>\n",
       "      <td>1987</td>\n",
       "      <td>0.0</td>\n",
       "      <td>98074</td>\n",
       "      <td>47.6168</td>\n",
       "      <td>-122.045</td>\n",
       "      <td>1800</td>\n",
       "      <td>7503</td>\n",
       "    </tr>\n",
       "  </tbody>\n",
       "</table>\n",
       "<p>5 rows × 21 columns</p>\n",
       "</div>"
      ],
      "text/plain": [
       "           id        date     price  bedrooms  bathrooms  sqft_living  \\\n",
       "0  7129300520  10/13/2014  221900.0         3       1.00         1180   \n",
       "1  6414100192   12/9/2014  538000.0         3       2.25         2570   \n",
       "2  5631500400   2/25/2015  180000.0         2       1.00          770   \n",
       "3  2487200875   12/9/2014  604000.0         4       3.00         1960   \n",
       "4  1954400510   2/18/2015  510000.0         3       2.00         1680   \n",
       "\n",
       "   sqft_lot  floors waterfront  view  ...          grade sqft_above  \\\n",
       "0      5650     1.0        NaN  NONE  ...      7 Average       1180   \n",
       "1      7242     2.0         NO  NONE  ...      7 Average       2170   \n",
       "2     10000     1.0         NO  NONE  ...  6 Low Average        770   \n",
       "3      5000     1.0         NO  NONE  ...      7 Average       1050   \n",
       "4      8080     1.0         NO  NONE  ...         8 Good       1680   \n",
       "\n",
       "   sqft_basement yr_built  yr_renovated  zipcode      lat     long  \\\n",
       "0            0.0     1955           0.0    98178  47.5112 -122.257   \n",
       "1          400.0     1951        1991.0    98125  47.7210 -122.319   \n",
       "2            0.0     1933           NaN    98028  47.7379 -122.233   \n",
       "3          910.0     1965           0.0    98136  47.5208 -122.393   \n",
       "4            0.0     1987           0.0    98074  47.6168 -122.045   \n",
       "\n",
       "   sqft_living15  sqft_lot15  \n",
       "0           1340        5650  \n",
       "1           1690        7639  \n",
       "2           2720        8062  \n",
       "3           1360        5000  \n",
       "4           1800        7503  \n",
       "\n",
       "[5 rows x 21 columns]"
      ]
     },
     "execution_count": 181,
     "metadata": {},
     "output_type": "execute_result"
    }
   ],
   "source": [
    "# Setting variables for all the data sets.\n",
    "\n",
    "df = pd.read_csv('data/kc_house_data.csv')\n",
    "df.head()"
   ]
  },
  {
   "cell_type": "code",
   "execution_count": 182,
   "metadata": {
    "scrolled": true
   },
   "outputs": [
    {
     "name": "stdout",
     "output_type": "stream",
     "text": [
      "<class 'pandas.core.frame.DataFrame'>\n",
      "RangeIndex: 21597 entries, 0 to 21596\n",
      "Data columns (total 21 columns):\n",
      " #   Column         Non-Null Count  Dtype  \n",
      "---  ------         --------------  -----  \n",
      " 0   id             21597 non-null  int64  \n",
      " 1   date           21597 non-null  object \n",
      " 2   price          21597 non-null  float64\n",
      " 3   bedrooms       21597 non-null  int64  \n",
      " 4   bathrooms      21597 non-null  float64\n",
      " 5   sqft_living    21597 non-null  int64  \n",
      " 6   sqft_lot       21597 non-null  int64  \n",
      " 7   floors         21597 non-null  float64\n",
      " 8   waterfront     19221 non-null  object \n",
      " 9   view           21534 non-null  object \n",
      " 10  condition      21597 non-null  object \n",
      " 11  grade          21597 non-null  object \n",
      " 12  sqft_above     21597 non-null  int64  \n",
      " 13  sqft_basement  21597 non-null  object \n",
      " 14  yr_built       21597 non-null  int64  \n",
      " 15  yr_renovated   17755 non-null  float64\n",
      " 16  zipcode        21597 non-null  int64  \n",
      " 17  lat            21597 non-null  float64\n",
      " 18  long           21597 non-null  float64\n",
      " 19  sqft_living15  21597 non-null  int64  \n",
      " 20  sqft_lot15     21597 non-null  int64  \n",
      "dtypes: float64(6), int64(9), object(6)\n",
      "memory usage: 3.5+ MB\n"
     ]
    }
   ],
   "source": [
    "df.info()\n",
    "\n",
    "# Looks like there is some missing information in waterfront, view, yr_renovated. \n",
    "# Need to look into that of how we want to deal."
   ]
  },
  {
   "cell_type": "code",
   "execution_count": 183,
   "metadata": {},
   "outputs": [],
   "source": [
    "# Need a way to think about DATE/DATE SOLD. It isn't runnable in a linear regression.\n",
    "# We can think about it as a categorical value however not sure best way of doing so.\n"
   ]
  },
  {
   "cell_type": "code",
   "execution_count": 184,
   "metadata": {},
   "outputs": [
    {
     "name": "stdout",
     "output_type": "stream",
     "text": [
      "3842\n"
     ]
    }
   ],
   "source": [
    "print(df['yr_renovated'].isna().sum())\n",
    "df['yr_renovated'].value_counts()\n",
    "# Looks like most of the data is either 0 or null.\n",
    "# Wonder if we can use this data as a categorical value as in house was renovated\n",
    "# recently or not ie. 0 for no and 1 for yes.\n",
    "\n",
    "\n",
    "df['yr_renovated'].sort_values\n",
    "df['yr_renovated'] = df['yr_renovated'].fillna(0.0)"
   ]
  },
  {
   "cell_type": "code",
   "execution_count": 185,
   "metadata": {},
   "outputs": [
    {
     "name": "stdout",
     "output_type": "stream",
     "text": [
      "63\n"
     ]
    }
   ],
   "source": [
    "print(df['view'].isna().sum())\n",
    "df['view'].value_counts()\n",
    "\n",
    "# Original thought:\n",
    "# Only 63 missing values for view. Because we can't assume the view or assign it,\n",
    "# maybe we should just consider dropping this value?\n",
    "\n",
    "# Second thought and approach we're taking:\n",
    "# Given that NONE is basicaslly the same as NULL, assigning NaN values to NONE.\n",
    "\n",
    "df['view']=df['view'].fillna('NONE')"
   ]
  },
  {
   "cell_type": "code",
   "execution_count": 186,
   "metadata": {},
   "outputs": [
    {
     "name": "stdout",
     "output_type": "stream",
     "text": [
      "2376\n"
     ]
    },
    {
     "data": {
      "text/plain": [
       "0    21451\n",
       "1      146\n",
       "Name: waterfront, dtype: int64"
      ]
     },
     "execution_count": 186,
     "metadata": {},
     "output_type": "execute_result"
    }
   ],
   "source": [
    "print(df['waterfront'].isna().sum())\n",
    "df['waterfront'].value_counts()\n",
    "\n",
    "# Assumining NaN value is the same as having no waterfront.\n",
    "\n",
    "df['waterfront']=df['waterfront'].fillna('NO')\n",
    "\n",
    "# Turning these into values.\n",
    "\n",
    "waterfront = preprocessing.LabelEncoder()\n",
    "x1 = list(df['waterfront'])\n",
    "\n",
    "\n",
    "waterfront.fit(x1)\n",
    "waterfront_list = waterfront.transform(x1)\n",
    "df['waterfront'] = waterfront_list\n",
    "df['waterfront'].value_counts()\n",
    "\n",
    "\n",
    "# 0 is NO WATERFRONT\n",
    "# 1 is YES WATERFRONT\n",
    "\n"
   ]
  },
  {
   "cell_type": "code",
   "execution_count": 187,
   "metadata": {},
   "outputs": [
    {
     "name": "stdout",
     "output_type": "stream",
     "text": [
      "<class 'pandas.core.frame.DataFrame'>\n",
      "RangeIndex: 21597 entries, 0 to 21596\n",
      "Data columns (total 21 columns):\n",
      " #   Column         Non-Null Count  Dtype  \n",
      "---  ------         --------------  -----  \n",
      " 0   id             21597 non-null  int64  \n",
      " 1   date           21597 non-null  object \n",
      " 2   price          21597 non-null  float64\n",
      " 3   bedrooms       21597 non-null  int64  \n",
      " 4   bathrooms      21597 non-null  float64\n",
      " 5   sqft_living    21597 non-null  int64  \n",
      " 6   sqft_lot       21597 non-null  int64  \n",
      " 7   floors         21597 non-null  float64\n",
      " 8   waterfront     21597 non-null  int64  \n",
      " 9   view           21597 non-null  object \n",
      " 10  condition      21597 non-null  object \n",
      " 11  grade          21597 non-null  object \n",
      " 12  sqft_above     21597 non-null  int64  \n",
      " 13  sqft_basement  21597 non-null  object \n",
      " 14  yr_built       21597 non-null  int64  \n",
      " 15  yr_renovated   21597 non-null  float64\n",
      " 16  zipcode        21597 non-null  int64  \n",
      " 17  lat            21597 non-null  float64\n",
      " 18  long           21597 non-null  float64\n",
      " 19  sqft_living15  21597 non-null  int64  \n",
      " 20  sqft_lot15     21597 non-null  int64  \n",
      "dtypes: float64(6), int64(10), object(5)\n",
      "memory usage: 3.5+ MB\n"
     ]
    }
   ],
   "source": [
    "df.info()"
   ]
  },
  {
   "cell_type": "code",
   "execution_count": 188,
   "metadata": {},
   "outputs": [
    {
     "data": {
      "text/plain": [
       "0    21451\n",
       "1      146\n",
       "Name: waterfront, dtype: int64"
      ]
     },
     "execution_count": 188,
     "metadata": {},
     "output_type": "execute_result"
    }
   ],
   "source": [
    "waterfront = preprocessing.LabelEncoder()\n",
    "x1 = list(df['waterfront'])\n",
    "\n",
    "\n",
    "waterfront.fit(x1)\n",
    "waterfront_list = waterfront.transform(x1)\n",
    "df['waterfront'] = waterfront_list\n",
    "df['waterfront'].value_counts()\n",
    "\n",
    "\n",
    "# 0 is NO WATERFRONT\n",
    "# 1 is YES WATERFRONT\n"
   ]
  },
  {
   "cell_type": "code",
   "execution_count": 189,
   "metadata": {},
   "outputs": [
    {
     "data": {
      "text/html": [
       "<div>\n",
       "<style scoped>\n",
       "    .dataframe tbody tr th:only-of-type {\n",
       "        vertical-align: middle;\n",
       "    }\n",
       "\n",
       "    .dataframe tbody tr th {\n",
       "        vertical-align: top;\n",
       "    }\n",
       "\n",
       "    .dataframe thead th {\n",
       "        text-align: right;\n",
       "    }\n",
       "</style>\n",
       "<table border=\"1\" class=\"dataframe\">\n",
       "  <thead>\n",
       "    <tr style=\"text-align: right;\">\n",
       "      <th></th>\n",
       "      <th>id</th>\n",
       "      <th>price</th>\n",
       "      <th>bedrooms</th>\n",
       "      <th>bathrooms</th>\n",
       "      <th>sqft_living</th>\n",
       "      <th>sqft_lot</th>\n",
       "      <th>floors</th>\n",
       "      <th>waterfront</th>\n",
       "      <th>sqft_above</th>\n",
       "      <th>yr_built</th>\n",
       "      <th>yr_renovated</th>\n",
       "      <th>zipcode</th>\n",
       "      <th>lat</th>\n",
       "      <th>long</th>\n",
       "      <th>sqft_living15</th>\n",
       "      <th>sqft_lot15</th>\n",
       "    </tr>\n",
       "  </thead>\n",
       "  <tbody>\n",
       "    <tr>\n",
       "      <th>id</th>\n",
       "      <td>1.000000</td>\n",
       "      <td>-0.016772</td>\n",
       "      <td>0.001150</td>\n",
       "      <td>0.005162</td>\n",
       "      <td>-0.012241</td>\n",
       "      <td>-0.131911</td>\n",
       "      <td>0.018608</td>\n",
       "      <td>-0.003599</td>\n",
       "      <td>-0.010799</td>\n",
       "      <td>0.021617</td>\n",
       "      <td>-0.010612</td>\n",
       "      <td>-0.008211</td>\n",
       "      <td>-0.001798</td>\n",
       "      <td>0.020672</td>\n",
       "      <td>-0.002701</td>\n",
       "      <td>-0.138557</td>\n",
       "    </tr>\n",
       "    <tr>\n",
       "      <th>price</th>\n",
       "      <td>-0.016772</td>\n",
       "      <td>1.000000</td>\n",
       "      <td>0.308787</td>\n",
       "      <td>0.525906</td>\n",
       "      <td>0.701917</td>\n",
       "      <td>0.089876</td>\n",
       "      <td>0.256804</td>\n",
       "      <td>0.264306</td>\n",
       "      <td>0.605368</td>\n",
       "      <td>0.053953</td>\n",
       "      <td>0.117855</td>\n",
       "      <td>-0.053402</td>\n",
       "      <td>0.306692</td>\n",
       "      <td>0.022036</td>\n",
       "      <td>0.585241</td>\n",
       "      <td>0.082845</td>\n",
       "    </tr>\n",
       "    <tr>\n",
       "      <th>bedrooms</th>\n",
       "      <td>0.001150</td>\n",
       "      <td>0.308787</td>\n",
       "      <td>1.000000</td>\n",
       "      <td>0.514508</td>\n",
       "      <td>0.578212</td>\n",
       "      <td>0.032471</td>\n",
       "      <td>0.177944</td>\n",
       "      <td>-0.002127</td>\n",
       "      <td>0.479386</td>\n",
       "      <td>0.155670</td>\n",
       "      <td>0.017900</td>\n",
       "      <td>-0.154092</td>\n",
       "      <td>-0.009951</td>\n",
       "      <td>0.132054</td>\n",
       "      <td>0.393406</td>\n",
       "      <td>0.030690</td>\n",
       "    </tr>\n",
       "    <tr>\n",
       "      <th>bathrooms</th>\n",
       "      <td>0.005162</td>\n",
       "      <td>0.525906</td>\n",
       "      <td>0.514508</td>\n",
       "      <td>1.000000</td>\n",
       "      <td>0.755758</td>\n",
       "      <td>0.088373</td>\n",
       "      <td>0.502582</td>\n",
       "      <td>0.063629</td>\n",
       "      <td>0.686668</td>\n",
       "      <td>0.507173</td>\n",
       "      <td>0.047177</td>\n",
       "      <td>-0.204786</td>\n",
       "      <td>0.024280</td>\n",
       "      <td>0.224903</td>\n",
       "      <td>0.569884</td>\n",
       "      <td>0.088303</td>\n",
       "    </tr>\n",
       "    <tr>\n",
       "      <th>sqft_living</th>\n",
       "      <td>-0.012241</td>\n",
       "      <td>0.701917</td>\n",
       "      <td>0.578212</td>\n",
       "      <td>0.755758</td>\n",
       "      <td>1.000000</td>\n",
       "      <td>0.173453</td>\n",
       "      <td>0.353953</td>\n",
       "      <td>0.104637</td>\n",
       "      <td>0.876448</td>\n",
       "      <td>0.318152</td>\n",
       "      <td>0.051060</td>\n",
       "      <td>-0.199802</td>\n",
       "      <td>0.052155</td>\n",
       "      <td>0.241214</td>\n",
       "      <td>0.756402</td>\n",
       "      <td>0.184342</td>\n",
       "    </tr>\n",
       "    <tr>\n",
       "      <th>sqft_lot</th>\n",
       "      <td>-0.131911</td>\n",
       "      <td>0.089876</td>\n",
       "      <td>0.032471</td>\n",
       "      <td>0.088373</td>\n",
       "      <td>0.173453</td>\n",
       "      <td>1.000000</td>\n",
       "      <td>-0.004814</td>\n",
       "      <td>0.021459</td>\n",
       "      <td>0.184139</td>\n",
       "      <td>0.052946</td>\n",
       "      <td>0.004979</td>\n",
       "      <td>-0.129586</td>\n",
       "      <td>-0.085514</td>\n",
       "      <td>0.230227</td>\n",
       "      <td>0.144763</td>\n",
       "      <td>0.718204</td>\n",
       "    </tr>\n",
       "    <tr>\n",
       "      <th>floors</th>\n",
       "      <td>0.018608</td>\n",
       "      <td>0.256804</td>\n",
       "      <td>0.177944</td>\n",
       "      <td>0.502582</td>\n",
       "      <td>0.353953</td>\n",
       "      <td>-0.004814</td>\n",
       "      <td>1.000000</td>\n",
       "      <td>0.020797</td>\n",
       "      <td>0.523989</td>\n",
       "      <td>0.489193</td>\n",
       "      <td>0.003793</td>\n",
       "      <td>-0.059541</td>\n",
       "      <td>0.049239</td>\n",
       "      <td>0.125943</td>\n",
       "      <td>0.280102</td>\n",
       "      <td>-0.010722</td>\n",
       "    </tr>\n",
       "    <tr>\n",
       "      <th>waterfront</th>\n",
       "      <td>-0.003599</td>\n",
       "      <td>0.264306</td>\n",
       "      <td>-0.002127</td>\n",
       "      <td>0.063629</td>\n",
       "      <td>0.104637</td>\n",
       "      <td>0.021459</td>\n",
       "      <td>0.020797</td>\n",
       "      <td>1.000000</td>\n",
       "      <td>0.071778</td>\n",
       "      <td>-0.024487</td>\n",
       "      <td>0.073939</td>\n",
       "      <td>0.028923</td>\n",
       "      <td>-0.012157</td>\n",
       "      <td>-0.037628</td>\n",
       "      <td>0.083823</td>\n",
       "      <td>0.030658</td>\n",
       "    </tr>\n",
       "    <tr>\n",
       "      <th>sqft_above</th>\n",
       "      <td>-0.010799</td>\n",
       "      <td>0.605368</td>\n",
       "      <td>0.479386</td>\n",
       "      <td>0.686668</td>\n",
       "      <td>0.876448</td>\n",
       "      <td>0.184139</td>\n",
       "      <td>0.523989</td>\n",
       "      <td>0.071778</td>\n",
       "      <td>1.000000</td>\n",
       "      <td>0.424037</td>\n",
       "      <td>0.020645</td>\n",
       "      <td>-0.261570</td>\n",
       "      <td>-0.001199</td>\n",
       "      <td>0.344842</td>\n",
       "      <td>0.731767</td>\n",
       "      <td>0.195077</td>\n",
       "    </tr>\n",
       "    <tr>\n",
       "      <th>yr_built</th>\n",
       "      <td>0.021617</td>\n",
       "      <td>0.053953</td>\n",
       "      <td>0.155670</td>\n",
       "      <td>0.507173</td>\n",
       "      <td>0.318152</td>\n",
       "      <td>0.052946</td>\n",
       "      <td>0.489193</td>\n",
       "      <td>-0.024487</td>\n",
       "      <td>0.424037</td>\n",
       "      <td>1.000000</td>\n",
       "      <td>-0.202555</td>\n",
       "      <td>-0.347210</td>\n",
       "      <td>-0.148370</td>\n",
       "      <td>0.409993</td>\n",
       "      <td>0.326377</td>\n",
       "      <td>0.070777</td>\n",
       "    </tr>\n",
       "    <tr>\n",
       "      <th>yr_renovated</th>\n",
       "      <td>-0.010612</td>\n",
       "      <td>0.117855</td>\n",
       "      <td>0.017900</td>\n",
       "      <td>0.047177</td>\n",
       "      <td>0.051060</td>\n",
       "      <td>0.004979</td>\n",
       "      <td>0.003793</td>\n",
       "      <td>0.073939</td>\n",
       "      <td>0.020645</td>\n",
       "      <td>-0.202555</td>\n",
       "      <td>1.000000</td>\n",
       "      <td>0.062397</td>\n",
       "      <td>0.027970</td>\n",
       "      <td>-0.064543</td>\n",
       "      <td>0.000683</td>\n",
       "      <td>0.004286</td>\n",
       "    </tr>\n",
       "    <tr>\n",
       "      <th>zipcode</th>\n",
       "      <td>-0.008211</td>\n",
       "      <td>-0.053402</td>\n",
       "      <td>-0.154092</td>\n",
       "      <td>-0.204786</td>\n",
       "      <td>-0.199802</td>\n",
       "      <td>-0.129586</td>\n",
       "      <td>-0.059541</td>\n",
       "      <td>0.028923</td>\n",
       "      <td>-0.261570</td>\n",
       "      <td>-0.347210</td>\n",
       "      <td>0.062397</td>\n",
       "      <td>1.000000</td>\n",
       "      <td>0.266742</td>\n",
       "      <td>-0.564259</td>\n",
       "      <td>-0.279299</td>\n",
       "      <td>-0.147294</td>\n",
       "    </tr>\n",
       "    <tr>\n",
       "      <th>lat</th>\n",
       "      <td>-0.001798</td>\n",
       "      <td>0.306692</td>\n",
       "      <td>-0.009951</td>\n",
       "      <td>0.024280</td>\n",
       "      <td>0.052155</td>\n",
       "      <td>-0.085514</td>\n",
       "      <td>0.049239</td>\n",
       "      <td>-0.012157</td>\n",
       "      <td>-0.001199</td>\n",
       "      <td>-0.148370</td>\n",
       "      <td>0.027970</td>\n",
       "      <td>0.266742</td>\n",
       "      <td>1.000000</td>\n",
       "      <td>-0.135371</td>\n",
       "      <td>0.048679</td>\n",
       "      <td>-0.086139</td>\n",
       "    </tr>\n",
       "    <tr>\n",
       "      <th>long</th>\n",
       "      <td>0.020672</td>\n",
       "      <td>0.022036</td>\n",
       "      <td>0.132054</td>\n",
       "      <td>0.224903</td>\n",
       "      <td>0.241214</td>\n",
       "      <td>0.230227</td>\n",
       "      <td>0.125943</td>\n",
       "      <td>-0.037628</td>\n",
       "      <td>0.344842</td>\n",
       "      <td>0.409993</td>\n",
       "      <td>-0.064543</td>\n",
       "      <td>-0.564259</td>\n",
       "      <td>-0.135371</td>\n",
       "      <td>1.000000</td>\n",
       "      <td>0.335626</td>\n",
       "      <td>0.255586</td>\n",
       "    </tr>\n",
       "    <tr>\n",
       "      <th>sqft_living15</th>\n",
       "      <td>-0.002701</td>\n",
       "      <td>0.585241</td>\n",
       "      <td>0.393406</td>\n",
       "      <td>0.569884</td>\n",
       "      <td>0.756402</td>\n",
       "      <td>0.144763</td>\n",
       "      <td>0.280102</td>\n",
       "      <td>0.083823</td>\n",
       "      <td>0.731767</td>\n",
       "      <td>0.326377</td>\n",
       "      <td>0.000683</td>\n",
       "      <td>-0.279299</td>\n",
       "      <td>0.048679</td>\n",
       "      <td>0.335626</td>\n",
       "      <td>1.000000</td>\n",
       "      <td>0.183515</td>\n",
       "    </tr>\n",
       "    <tr>\n",
       "      <th>sqft_lot15</th>\n",
       "      <td>-0.138557</td>\n",
       "      <td>0.082845</td>\n",
       "      <td>0.030690</td>\n",
       "      <td>0.088303</td>\n",
       "      <td>0.184342</td>\n",
       "      <td>0.718204</td>\n",
       "      <td>-0.010722</td>\n",
       "      <td>0.030658</td>\n",
       "      <td>0.195077</td>\n",
       "      <td>0.070777</td>\n",
       "      <td>0.004286</td>\n",
       "      <td>-0.147294</td>\n",
       "      <td>-0.086139</td>\n",
       "      <td>0.255586</td>\n",
       "      <td>0.183515</td>\n",
       "      <td>1.000000</td>\n",
       "    </tr>\n",
       "  </tbody>\n",
       "</table>\n",
       "</div>"
      ],
      "text/plain": [
       "                     id     price  bedrooms  bathrooms  sqft_living  sqft_lot  \\\n",
       "id             1.000000 -0.016772  0.001150   0.005162    -0.012241 -0.131911   \n",
       "price         -0.016772  1.000000  0.308787   0.525906     0.701917  0.089876   \n",
       "bedrooms       0.001150  0.308787  1.000000   0.514508     0.578212  0.032471   \n",
       "bathrooms      0.005162  0.525906  0.514508   1.000000     0.755758  0.088373   \n",
       "sqft_living   -0.012241  0.701917  0.578212   0.755758     1.000000  0.173453   \n",
       "sqft_lot      -0.131911  0.089876  0.032471   0.088373     0.173453  1.000000   \n",
       "floors         0.018608  0.256804  0.177944   0.502582     0.353953 -0.004814   \n",
       "waterfront    -0.003599  0.264306 -0.002127   0.063629     0.104637  0.021459   \n",
       "sqft_above    -0.010799  0.605368  0.479386   0.686668     0.876448  0.184139   \n",
       "yr_built       0.021617  0.053953  0.155670   0.507173     0.318152  0.052946   \n",
       "yr_renovated  -0.010612  0.117855  0.017900   0.047177     0.051060  0.004979   \n",
       "zipcode       -0.008211 -0.053402 -0.154092  -0.204786    -0.199802 -0.129586   \n",
       "lat           -0.001798  0.306692 -0.009951   0.024280     0.052155 -0.085514   \n",
       "long           0.020672  0.022036  0.132054   0.224903     0.241214  0.230227   \n",
       "sqft_living15 -0.002701  0.585241  0.393406   0.569884     0.756402  0.144763   \n",
       "sqft_lot15    -0.138557  0.082845  0.030690   0.088303     0.184342  0.718204   \n",
       "\n",
       "                 floors  waterfront  sqft_above  yr_built  yr_renovated  \\\n",
       "id             0.018608   -0.003599   -0.010799  0.021617     -0.010612   \n",
       "price          0.256804    0.264306    0.605368  0.053953      0.117855   \n",
       "bedrooms       0.177944   -0.002127    0.479386  0.155670      0.017900   \n",
       "bathrooms      0.502582    0.063629    0.686668  0.507173      0.047177   \n",
       "sqft_living    0.353953    0.104637    0.876448  0.318152      0.051060   \n",
       "sqft_lot      -0.004814    0.021459    0.184139  0.052946      0.004979   \n",
       "floors         1.000000    0.020797    0.523989  0.489193      0.003793   \n",
       "waterfront     0.020797    1.000000    0.071778 -0.024487      0.073939   \n",
       "sqft_above     0.523989    0.071778    1.000000  0.424037      0.020645   \n",
       "yr_built       0.489193   -0.024487    0.424037  1.000000     -0.202555   \n",
       "yr_renovated   0.003793    0.073939    0.020645 -0.202555      1.000000   \n",
       "zipcode       -0.059541    0.028923   -0.261570 -0.347210      0.062397   \n",
       "lat            0.049239   -0.012157   -0.001199 -0.148370      0.027970   \n",
       "long           0.125943   -0.037628    0.344842  0.409993     -0.064543   \n",
       "sqft_living15  0.280102    0.083823    0.731767  0.326377      0.000683   \n",
       "sqft_lot15    -0.010722    0.030658    0.195077  0.070777      0.004286   \n",
       "\n",
       "                zipcode       lat      long  sqft_living15  sqft_lot15  \n",
       "id            -0.008211 -0.001798  0.020672      -0.002701   -0.138557  \n",
       "price         -0.053402  0.306692  0.022036       0.585241    0.082845  \n",
       "bedrooms      -0.154092 -0.009951  0.132054       0.393406    0.030690  \n",
       "bathrooms     -0.204786  0.024280  0.224903       0.569884    0.088303  \n",
       "sqft_living   -0.199802  0.052155  0.241214       0.756402    0.184342  \n",
       "sqft_lot      -0.129586 -0.085514  0.230227       0.144763    0.718204  \n",
       "floors        -0.059541  0.049239  0.125943       0.280102   -0.010722  \n",
       "waterfront     0.028923 -0.012157 -0.037628       0.083823    0.030658  \n",
       "sqft_above    -0.261570 -0.001199  0.344842       0.731767    0.195077  \n",
       "yr_built      -0.347210 -0.148370  0.409993       0.326377    0.070777  \n",
       "yr_renovated   0.062397  0.027970 -0.064543       0.000683    0.004286  \n",
       "zipcode        1.000000  0.266742 -0.564259      -0.279299   -0.147294  \n",
       "lat            0.266742  1.000000 -0.135371       0.048679   -0.086139  \n",
       "long          -0.564259 -0.135371  1.000000       0.335626    0.255586  \n",
       "sqft_living15 -0.279299  0.048679  0.335626       1.000000    0.183515  \n",
       "sqft_lot15    -0.147294 -0.086139  0.255586       0.183515    1.000000  "
      ]
     },
     "execution_count": 189,
     "metadata": {},
     "output_type": "execute_result"
    }
   ],
   "source": [
    "df.corr()"
   ]
  },
  {
   "cell_type": "code",
   "execution_count": 190,
   "metadata": {},
   "outputs": [
    {
     "data": {
      "text/plain": [
       "<AxesSubplot:>"
      ]
     },
     "execution_count": 190,
     "metadata": {},
     "output_type": "execute_result"
    },
    {
     "data": {
